A = [3 1 2 ; 0 1 0 ; 4 7 3]
D = eye(3)
C = ones (2,3)
input :
